accuracy: 92.22
dataset: mnist
gate_entropy: 0
model: NdLinear
peak_memory_mb: 99.9052734375
percent_active_slices: 100.0
proxy_compute: 3600
train_time: 939.4060139656067
