accuracy: 40.75
dataset: cifar10
gate_entropy: 0
model: NdLinear
peak_memory_mb: 103.69287109375
percent_active_slices: 100.0
proxy_compute: 4144
train_time: 2661.569748401642
